{
          "Abs": [
                    6.489015777299706e-06,
                    5.082131292661081e-05,
                    0.002923657213089145,
                    0.3191152014042098
          ],
          "Capt": [
                    6.489015777299706e-06,
                    5.082131292661081e-05,
                    0.002923657213089145,
                    0.3191152014042098
          ],
          "Chid": [
                    [
                              0.0,
                              0.0,
                              0.0,
                              0.0
                    ],
                    [
                              0.0,
                              0.0,
                              0.0,
                              0.0
                    ],
                    [
                              0.0,
                              0.0,
                              0.0,
                              0.0
                    ],
                    [
                              0.0,
                              0.0,
                              0.0,
                              0.0
                    ],
                    [
                              0.0,
                              0.0,
                              0.0,
                              0.0
                    ],
                    [
                              0.0,
                              0.0,
                              0.0,
                              0.0
                    ]
          ],
          "Chip": [
                    0.0,
                    0.0,
                    0.0,
                    0.0
          ],
          "Chit": [
                    0.0,
                    0.0,
                    0.0,
                    0.0
          ],
          "DiffLength": [
                    12569.379323365749,
                    1505.3599894920665,
                    158.12335019236866,
                    1.7997608652442734
          ],
          "Diffcoef": [
                    1025.1950381174222,
                    381.18505770085,
                    73.20004577316917,
                    1.0337053320821337
          ],
          "Fiss": [
                    0.0,
                    0.0,
                    0.0,
                    0.0
          ],
          "Flx": [
                    0.33735024999999996,
                    0.5196188,
                    0.3464622299999999,
                    0.043334660989999996
          ],
          "Invv": [
                    5.287691406266929e-10,
                    2.6341255319861405e-09,
                    1.5014292544145434e-07,
                    1.53892897522702e-06
          ],
          "Kappa": [
                    0.0,
                    0.0,
                    0.0,
                    0.0
          ],
          "L": 8,
          "MeanFreePath": [
                    1735.00312673089,
                    996.2521096983702,
                    218.87997924637517,
                    3.101410620876083
          ],
          "NPF": 6,
          "Nsf": [
                    0.0,
                    0.0,
                    0.0,
                    0.0
          ],
          "Nubar": [
                    0.0,
                    0.0,
                    0.0,
                    0.0
          ],
          "Remxs": [
                    6.489015777299753e-06,
                    0.0001682112857355003,
                    0.0029276512299297747,
                    0.31912964438116126
          ],
          "S0": [
                    [
                              0.0005698788216018812,
                              0.0,
                              0.0,
                              0.0
                    ],
                    [
                              0.00011738997280888951,
                              0.0008355507040913163,
                              0.0,
                              0.0
                    ],
                    [
                              0.0,
                              3.5615015787839283e-06,
                              0.0016410626535560346,
                              4.3251526184542546e-07
                    ],
                    [
                              0.0,
                              0.0,
                              1.4442976951508398e-05,
                              0.003304280771749019
                    ]
          ],
          "S1": [
                    [
                              0.00025122645360362413,
                              0.0,
                              0.0,
                              0.0
                    ],
                    [
                              -1.5755235328204058e-06,
                              0.00013087161654861938,
                              0.0,
                              0.0
                    ],
                    [
                              0.0,
                              -1.7129923866798704e-06,
                              1.6764758218550893e-05,
                              -6.909675349604488e-08
                    ],
                    [
                              0.0,
                              0.0,
                              -3.2298894428018927e-06,
                              -2.740326839782323e-05
                    ]
          ],
          "S2": [
                    [
                              0.00016902590548951958,
                              0.0,
                              0.0,
                              0.0
                    ],
                    [
                              -1.4692978895106754e-06,
                              3.8767682541563114e-05,
                              0.0,
                              0.0
                    ],
                    [
                              0.0,
                              1.975059127954583e-07,
                              -1.4110644571181112e-06,
                              -5.4994032860667094e-08
                    ],
                    [
                              0.0,
                              0.0,
                              -1.419916596836864e-06,
                              -2.192151466128108e-05
                    ]
          ],
          "S3": [
                    [
                              9.892756722677989e-05,
                              0.0,
                              0.0,
                              0.0
                    ],
                    [
                              -2.1554058435374795e-06,
                              5.566748379639171e-06,
                              0.0,
                              0.0
                    ],
                    [
                              0.0,
                              1.0311371020587154e-07,
                              3.404140085933177e-06,
                              -4.002179586963925e-08
                    ],
                    [
                              0.0,
                              0.0,
                              -1.1149531357508378e-06,
                              3.190483223387795e-05
                    ]
          ],
          "S4": [
                    [
                              4.488478542433095e-05,
                              0.0,
                              0.0,
                              0.0
                    ],
                    [
                              8.679074329965569e-08,
                              1.7342290668611295e-06,
                              0.0,
                              0.0
                    ],
                    [
                              0.0,
                              -1.3410671143518304e-07,
                              -2.2109772814311103e-06,
                              1.341205364428902e-08
                    ],
                    [
                              0.0,
                              0.0,
                              2.169435637830289e-06,
                              2.3823097319544298e-05
                    ]
          ],
          "S5": [
                    [
                              2.5304543012805836e-05,
                              0.0,
                              0.0,
                              0.0
                    ],
                    [
                              -3.8802971701054677e-07,
                              1.1247114733839308e-06,
                              0.0,
                              0.0
                    ],
                    [
                              0.0,
                              3.1415889751647683e-07,
                              -1.1479475833295601e-07,
                              6.632762813193231e-08
                    ],
                    [
                              0.0,
                              0.0,
                              -4.3966007576006195e-07,
                              -6.612281761935352e-06
                    ]
          ],
          "S6": [
                    [
                              1.2777251261581102e-05,
                              0.0,
                              0.0,
                              0.0
                    ],
                    [
                              9.996742774354314e-07,
                              -2.092427229523681e-06,
                              0.0,
                              0.0
                    ],
                    [
                              0.0,
                              -2.5462113139758415e-07,
                              3.521576767181873e-07,
                              -8.001216343726703e-08
                    ],
                    [
                              0.0,
                              0.0,
                              -5.409284139435009e-07,
                              5.2182070048314466e-06
                    ]
          ],
          "S7": [
                    [
                              5.6325049160679154e-06,
                              0.0,
                              0.0,
                              0.0
                    ],
                    [
                              -9.695709375307053e-08,
                              1.4932343155126413e-06,
                              0.0,
                              0.0
                    ],
                    [
                              0.0,
                              3.579887440573249e-08,
                              1.3015393940277652e-06,
                              2.9503447317763907e-08
                    ],
                    [
                              0.0,
                              0.0,
                              -3.283073296242718e-07,
                              -5.972946376247631e-06
                    ]
          ],
          "Sp0": [
                    [
                              0.0005720013225029181,
                              0.0,
                              0.0,
                              0.0
                    ],
                    [
                              0.00011893493438923262,
                              0.0008355507040913163,
                              0.0,
                              0.0
                    ],
                    [
                              0.0,
                              3.5615015787839283e-06,
                              0.0016410626535560346,
                              4.3251526184542546e-07
                    ],
                    [
                              0.0,
                              0.0,
                              1.4442976951508398e-05,
                              0.003304280771749019
                    ]
          ],
          "Sp1": [
                    [
                              0.0002502765940994797,
                              0.0,
                              0.0,
                              0.0
                    ],
                    [
                              -1.7408461805229138e-06,
                              0.00013087161654861938,
                              0.0,
                              0.0
                    ],
                    [
                              0.0,
                              -1.7129923866798704e-06,
                              1.6764758218550893e-05,
                              -6.909675349604488e-08
                    ],
                    [
                              0.0,
                              0.0,
                              -3.2298894428018927e-06,
                              -2.740326839782323e-05
                    ]
          ],
          "Sp2": [
                    [
                              0.00016927873029339626,
                              0.0,
                              0.0,
                              0.0
                    ],
                    [
                              -1.479206136310445e-06,
                              3.8767682541563114e-05,
                              0.0,
                              0.0
                    ],
                    [
                              0.0,
                              1.975059127954583e-07,
                              -1.4110644571181112e-06,
                              -5.4994032860667094e-08
                    ],
                    [
                              0.0,
                              0.0,
                              -1.419916596836864e-06,
                              -2.192151466128108e-05
                    ]
          ],
          "Sp3": [
                    [
                              9.870835188074415e-05,
                              0.0,
                              0.0,
                              0.0
                    ],
                    [
                              -2.3791271555777677e-06,
                              5.566748379639171e-06,
                              0.0,
                              0.0
                    ],
                    [
                              0.0,
                              1.0311371020587154e-07,
                              3.404140085933177e-06,
                              -4.002179586963925e-08
                    ],
                    [
                              0.0,
                              0.0,
                              -1.1149531357508378e-06,
                              3.190483223387795e-05
                    ]
          ],
          "Sp4": [
                    [
                              4.467322906252893e-05,
                              0.0,
                              0.0,
                              0.0
                    ],
                    [
                              -8.051396888069656e-08,
                              1.7342290668611295e-06,
                              0.0,
                              0.0
                    ],
                    [
                              0.0,
                              -1.3410671143518304e-07,
                              -2.2109772814311103e-06,
                              1.341205364428902e-08
                    ],
                    [
                              0.0,
                              0.0,
                              2.169435637830289e-06,
                              2.3823097319544298e-05
                    ]
          ],
          "Sp5": [
                    [
                              2.606217543968265e-05,
                              0.0,
                              0.0,
                              0.0
                    ],
                    [
                              -4.0066847975046313e-07,
                              1.1247114733839308e-06,
                              0.0,
                              0.0
                    ],
                    [
                              0.0,
                              3.1415889751647683e-07,
                              -1.1479475833295601e-07,
                              6.632762813193231e-08
                    ],
                    [
                              0.0,
                              0.0,
                              -4.3966007576006195e-07,
                              -6.612281761935352e-06
                    ]
          ],
          "Sp6": [
                    [
                              1.226552901362575e-05,
                              0.0,
                              0.0,
                              0.0
                    ],
                    [
                              1.3599798644619206e-06,
                              -2.092427229523681e-06,
                              0.0,
                              0.0
                    ],
                    [
                              0.0,
                              -2.5462113139758415e-07,
                              3.521576767181873e-07,
                              -8.001216343726703e-08
                    ],
                    [
                              0.0,
                              0.0,
                              -5.409284139435009e-07,
                              5.2182070048314466e-06
                    ]
          ],
          "Sp7": [
                    [
                              5.6151141545700355e-06,
                              0.0,
                              0.0,
                              0.0
                    ],
                    [
                              -2.983846304934657e-07,
                              1.4932343155126413e-06,
                              0.0,
                              0.0
                    ],
                    [
                              0.0,
                              3.579887440573249e-08,
                              1.3015393940277652e-06,
                              2.9503447317763907e-08
                    ],
                    [
                              0.0,
                              0.0,
                              -3.283073296242718e-07,
                              -5.972946376247631e-06
                    ]
          ],
          "Tot": [
                    0.0005763678373791809,
                    0.0010037619898268166,
                    0.004568713883485809,
                    0.3224339251529103
          ],
          "Transpxs": [
                    0.0003251413837755568,
                    0.0008744658968110176,
                    0.004553731214407434,
                    0.32246455831075094
          ],
          "UniName": "Gd",
          "beta": [
                    0.000240423,
                    0.00127518,
                    0.00125492,
                    0.00292736,
                    0.00133668,
                    0.000555626
          ],
          "beta_tot": 0.00759019,
          "egridname": "CASMO-4",
          "energygrid": [
                    20.0,
                    0.821,
                    0.00553,
                    6.25e-07,
                    1e-11
          ],
          "lambda": [
                    0.0133611,
                    0.0325641,
                    0.12116,
                    0.306668,
                    0.864845,
                    2.90416
          ],
          "lambda_tot": 0.509091,
          "mu0": [
                    0.4408418844157918,
                    0.13568115639305336,
                    0.009107691757975904,
                    -0.009230403058591357
          ],
          "nE": 4,
          "secpercoll": [
                    0.9887415373369789,
                    0.949369159779223,
                    0.36006996987553286,
                    0.010292725081973503
          ]
}